# svn co $SVNOFF/PhysicsAnalysis/SUSYPhys/SUSYTools/trunk, taken on 02.06.2015
# cat susy_crosssections_13TeV.txt|awk '{if ($1 != "" && $1 != "#") { s=$3*$5 ; print $1 "   " s "   " $4 " "}else{print $0}}'
# cross-sections are in pb
#
# Z prime

301322  70.2764206532      1.3
301323  40.1252717501      1.3
301324  10.7025592052      1.3
301325  3.69900238076      1.3
301326  1.50806798183      1.3
301327  0.684451508485     1.3
301328  0.334388285018     1.3
301329  0.172299333764     1.3
301330  0.0923739492669    1.3
301331  0.0510543839336    1.3
301332  0.0289022800871    1.3
301333  0.0166807659717    1.3
301334  0.00212729713173   1.3
301335  0.000330792326516  1.3

################################################################################################################   0    
# ttbar

#410000   451.646   1. 
#110351   379.981   1. 
#
410000   377.9932  1.1949 
410001	 377.9932  1.1949
410002	 377.9932  1.1949
410003	 377.3090  1.1970
410004	 378.7006  1.1926	 	   
410006   378.7169  1.1926
410007   317.3591  1.1977		
410008	 317.3591  1.1977

# Jiahang's cross sections
301528   696.25    0.00484
301529   696.25    0.00201
301530   696.25    0.00090
301531   696.25    0.00055
301532   696.25    0.00033

# empirical xs
#301528   169.62    0.484
#301529   169.62    0.201
#301530   169.62    0.090
#301531   169.62    0.055
#301532   169.62    0.033

################################################################################################################   0    
# single top

410011   43.739   1. 
410012   25.778   1. 

410013   34.009   1. 
410014   33.989   1. 
410015   3.5835   1. 
410016   3.5814   1. 

################################################################################################################   0    
# Powheg inclusive W

361100   11306   1. 
361101   11306   1. 
361102   11306   1. 
361103   8282.6   1. 
361104   8282.6   1. 
361105   8282.6   1. 

################################################################################################################   0    
# Powheg inclusive Z

361106   1901.2   1. 
361107   1901.2   1. 
361108   1901.2   1. 

################################################################################################################   0    
# Sherpa W
# NLO xsec from Sherpa

361300   18956.8   1. 
361301   1059.16   1. 
361302   1270.71   1. 
361303   459.209   1. 
361304   65.8706   1. 
#FIXME   0    
361305   107.184   1. 
361306   61.0306   1. 
361307   18.0127   1. 
361308   9.37441   1. 
361309   4.99322   1. 
361310   1.46815   1. 
361311   0.488719   1. 
361312   0.252466   1. 
361313   0.0565428   1. 
361314   0.0870984   1. 
361315   0.0560186   1. 
361316   0.0123401   1. 
361317   0.0103591   1. 
361318   0.00652633   1. 
361319   0.00420453   1. 
361320   0.00123792   1. 
361321   2.2985e-05   1. 
361322   1.14936e-05   1. 
#FIXME   0    
361323   0   1. 

361324   19090   1. 
361325   1004.5   1. 
361326   1269.8   1. 
361327   460.627   1. 
361328   104.968   1. 
361329   58.2555   1. 
361330   61.2087   1. 
361331   17.7868   1. 
361332   9.17007   1. 
361333   4.11567   1. 
361334   1.10899   1. 
361335   0.688096   1. 
361336   0.264526   1. 
361337   0.0974599   1. 
361338   0.0208442   1. 
361339   0.0373955   1. 
361340   0.0272802   1. 
361341   0.00620342   1. 
361342   0.00466735   1. 
361343   0.00209647   1. 
361344   0.00151501   1. 
361345   2.5079e-05   1. 
361346   1.70669e-05   1. 
#FIXME   0    
361347   0   1. 

361348   19063.5   1. 
361349   1030.48   1. 
361350   1271.43   1. 
361351   455.191   1. 
361352   105.966   1. 
361353   56.3524   1. 
361354   61.3117   1. 
361355   17.9295   1. 
361356   9.18691   1. 
361357   3.92426   1. 
361358   1.04568   1. 
361359   0.665498   1. 
361360   0.190882   1. 
361361   0.0722672   1. 
361362   0.10781   1. 
361366   0.00611156   1. 
361367   0.000257566   1. 
361368   0.00191811   1. 
361369   5.05446e-05   1. 
361370   1.65328e-05   1. 
#FIXME   0    
361371   0   1. 

################################################################################################################   0    
# Sherpa Z
# NLO xsec from Sherpa

361372   1718.6   1. 
361373   312.838   1. 
361374   173.07   1. 
361375   48.4186   1. 
361376   15.8902   1. 
361377   9.53779   1. 
361378   7.0624   1. 
361379   2.73347   1. 
361380   1.58736   1. 
361381   0.485214   1. 
361382   0.17508   1. 
361383   0.119228   1. 
361384   0.0286582   1. 
361385   0.00863948   1. 
361386   0.00622998   1. 
361387   0.00538231   1. 
361388   0.00288372   1. 
361389   0.000675283   1. 
361390   0.0043864   1. 
361391   0.000185176   1. 
361392   0.000183014   1. 
361393   3.61562e-06   1. 
#FIXME   0    
361394   0   1. 
#FIXME   0    
361395   0   1. 
									        
361396   1716.66   1. 
361397   310.982   1. 
361398   173.324   1. 
361399   48.9446   1. 
361400   16.2344   1. 
361401   9.53207   1. 
#FIXME   0    
361402   0   1. 
361403   2.70222   1. 
361404   1.54389   1. 
361405   0.490359   1. 
361406   0.143826   1. 
361407   0.0879105   1. 
361408   0.0299805   1. 
361409   0.00976434   1. 
361410   0.0154196   1. 
361411   0.0129869   1. 
361412   0.00209313   1. 
#FIXME   0    
361413   0   1. 
361414   0.000723656   1. 
361415   0.000479406   1. 
361416   0.000272172   1. 
#FIXME   0    
361417   0   1. 
#FIXME   0    
361418   0   1. 
361419   7.62801e-08   1. 

361420   1710.01   1. 
361421   311.778   1. 
361422   170.202   1. 
361423   48.8864   1. 
361424   16.4528   1. 
361425   9.4848   1. 
361426   7.03264   1. 
361427   2.68631   1. 
361428   1.49592   1. 
361429   0.480109   1. 
361430   0.138324   1. 
361431   0.131228   1. 
361432   0.0298471   1. 
361433   0.0031796   1. 
361434   0.00770421   1. 
361435   0.00736556   1. 
361436   0.0029478   1. 
#FIXME   0    
361437   0   1. 
361438   0.000560627   1. 
361439   0.000521694   1. 
361440   0.000162282   1. 
361441   3.53047e-06   1. 
#FIXME   0    
361442   0   1. 
#FIXME   0    
361443   0   1. 

361444   9291.4   1. 
361445   1671.57   1. 
361446   946.815   1. 
361447   277.776   1. 
361448   90.7045   1. 
361449   54.5852   1. 
361450   39.9142   1. 
361451   14.9975   1. 
361452   8.88712   1. 
361453   2.37594   1. 
361454   1.14161   1. 
361455   0.361619   1. 
361456   0.160262   1. 
361457   0.0754627   1. 
361458   0.0386019   1. 
361459   0.0309079   1. 
361460   0.0110184   1. 
361461   0.0101095   1. 
361462   0.00273604   1. 
361463   0.0016586   1. 
361464   0.00105701   1. 
361465   1.49764e-05   1. 
361466   0   1. 
361467   0   1. 

################################################################################################################   0    
# Sherpa	VV

361064   1.8446   1. 
361065   3.6235   1. 
361066   2.5656   1. 
361067   5.0169   1. 
361068   14.022   1. 
361069   0.025765   1. 
361070   0.043375   1. 
361071   0.042017   1. 
361072   0.1279   1. 
361073   0.02095   1. 
361077   0.85492   1. 
361081   25.995   1. 
361082   25.974   1. 
361083   12.543   1. 
361084   3.7583   1. 
361085   7.4151   1. 

################################################################################################################   0    
# Sherpa gamma+jet

361039   34988   0.41028 
361040   34986   0.48609 
361041   35002   0.10752 
361042   3129   0.39960 
361043   3132.9   0.48199 
361044   3135.2   0.11728 
361045   247.41   0.41049 
361046   247.39   0.50284 
361047   249.37   0.12874 
361048   13.648   0.41834 
361049   13.617   0.47349 
361050   13.874   0.14069 
361051   0.92334   0.38226 
361052   0.92185   0.47148 
361053   0.93819   0.14811 
361054   0.018432   0.37036 
361055   0.018388   0.46691 
361056   0.019046   0.15751 
361057   7.9163e-05   0.38030 
361058   8.0515e-05   0.45148 
361059   8.2153e-05   0.16549 
361060   2.4843e-09   0.40351 
361061   2.5134e-09   0.41614 
361062   2.5431e-09   0.14831 

################################################################################################################   0    
# Pythia8 dijet

361000   76508904600   1. 
361001   1946305980   1. 
361002   24431336   1. 
361003   312104   1. 
361004   3422.36   1. 
361005   66.3778   1. 
361006   2.57984   1. 
361007   0.1803   1. 
361008   0.00645739   1. 
361009   0.00023784   1. 
361010   7.04754e-06   1. 
361011   1.13058e-07   1. 
361012   4.40618e-10   1. 

361020   80302080000   1. 
361021   5.26967e+07   1. 
361022   809380   1. 
361023   8452.85   1. 
361024   134.977   1. 
361025   4.20402   1. 
361026   0.242119   1. 
361027   0.00636958   1. 
361028   0.00635145   1. 
361029   0.000236729   1. 
361030   7.0498e-06   1. 
361031   1.1416e-07   1. 
361032   4.40618e-10   1. 

################################################################################################################   0    
# PowhegPythia8 dijet

426001   1473849828   1. 
426002   1.97235e+07   1. 
426003   286031   1. 
426004   3238.71   1. 
426005   62.3029   1. 
426006   2.30961   1. 
426007   0.176181   1. 
426008   0.00643204   1. 
426009   0.000248606   1. 
